time,x,y,z,phi,theta,psi,x_velocity,y_velocity,z_velocity,phi_velocity,theta_velocity,psi_velocity,rotor_speed1,rotor_speed2,rotor_speed3,rotor_speed4
0.06,5.523453842237299e-08,1.3563181084065337e-07,0.0012956704222022736,0.00015683800818511173,6.283090227944907,0.0,6.098835342632239e-06,1.2286345181514022e-05,0.0431879101286941,0.007387441796407537,-0.004959147994063569,0.0,418.60059786554297,418.16894253826115,418.2683568850302,418.9110653483889
0.12000000000000001,3.4002854108964993e-06,5.71723976746156e-06,0.006854201281975023,0.00044412232879142977,6.282922312230054,0.0,0.0001287832582510552,0.000211564649152355,0.14208854646422472,-0.0009967333298441885,0.0012060330246535553,0.0,436.91041950293925,437.4240916914278,436.29542919174827,435.5949135341783
0.18,1.5980492368850382e-05,2.6834942912195888e-05,0.01685342198936348,0.0005430104408192804,6.282835905157572,0.0,0.00029064310567052256,0.0004946407653262177,0.19121140104292128,0.006473234782188208,-0.007341692306558709,0.0,421.17582565147916,420.4360590067288,419.8231510819501,420.4706549375086
0.23999999999999996,4.226706201852302e-05,6.899243792055693e-05,0.03108748256062167,0.0007923635149778008,6.2823228406851115,0.0,0.0006335240417747183,0.0009432111872469981,0.28323824657602337,-0.0009366388672717935,-0.011086753746469169,0.0,435.23433213694034,434.92094880578566,434.05993990132583,433.43768635404996
0.3,0.00010452308211507612,0.00014471743299315692,0.05500518855571554,0.00044259305836735763,6.281639086980851,0.0,0.001523452211008448,0.0015592274330560544,0.5139428962912389,-0.01805873021346546,-0.012021455439749414,0.0,475.70412934446716,475.6326945308896,478.3532590489654,477.04792920249866
0.36000000000000004,0.00023602272968524456,0.00024401737577482892,0.0923504221190055,6.282373332957288,6.281295191998801,0.0,0.0029204919084314216,0.0016121225546283544,0.73078441002129,-0.027326025316177154,0.004557949373545718,0.0,471.9648515049736,473.24263140371806,473.4084709506571,472.6949892890245
0.4200000000000001,0.0004540512304360656,0.00031477327257610325,0.14175153889862177,6.280618024708517,6.281324483766385,0.0,0.004327717359712624,0.0005524015802726953,0.9157890893811975,-0.033422399996609606,-0.009238084872299962,0.0,464.0231183070334,462.9389852099189,464.0704347431145,463.5915021019947
0.48000000000000015,0.0007595898356710693,0.00027905676642091704,0.2024543573919869,6.278532201116917,6.28033456541119,0.0,0.005937930217042736,-0.0019787077815456747,1.1074711393079588,-0.03759056276638874,-0.03783164148733624,0.0,466.93542191946244,464.69970592118955,466.2329844547392,465.9067982780664
0.5400000000000001,0.001191528742861251,4.3600860167463694e-05,0.2743581815642418,6.276646345522638,6.277982426303918,0.0,0.008722903678653901,-0.006102584258493961,1.289133565134546,-0.021319860897935194,-0.04209437160703204,0.0,462.1606344124027,461.82385941269763,464.001284921456,465.2763752952982
0.6000000000000002,0.0018512488251000983,-0.0004858196278610092,0.3581347987025172,6.2750335413204095,6.275662375507734,0.0,0.013553425885615804,-0.011710921642379975,1.5031608558797591,-0.041337747172502534,-0.0325711504289697,0.0,472.93629928264954,473.6685015249364,474.1291340593792,472.58865900880585
0.6600000000000003,0.0028262677945984204,-0.0013648557594806146,0.451193999987632,6.272900868573583,6.27376742354852,0.0,0.019141148817726175,-0.017820875506949066,1.59867983641775,-0.02593703418536515,-0.02967553637282169,0.0,437.23216356750623,437.47294140207583,437.4644525300078,438.74422407609967
0.7200000000000003,0.004190665419829431,-0.002668857288563859,0.5516744712039164,6.27149869825525,6.271423539034874,0.0,0.026544127830859108,-0.02580521095068144,1.750445144351367,-0.01867454016196256,-0.07480997225284225,0.0,458.4798181140256,454.8787431439972,454.0839580354794,454.66608895048955
0.7800000000000004,0.006093266582990315,-0.004510473390554314,0.6636994057559426,6.270344770769995,6.267341287035963,0.0,0.03738937123491104,-0.03571577424500213,1.9833363030078053,-0.020371199626702915,-0.05710960948126625,0.0,479.43468408002815,480.77432128460936,480.22164162389777,480.09300946668424
0.8400000000000004,0.008705060072241226,-0.006945149927980349,0.7873906610834436,6.269403083205987,6.263725316684752,0.0,0.05005317381930972,-0.04555424823084888,2.1394179220503746,-0.007683812454792899,-0.06747085115022526,0.0,459.41672028461363,458.59201014396245,456.78325370831493,457.79393566137816
0.9000000000000005,0.012182641203998307,-0.010003663954511606,0.9215616211029338,6.2690926968920415,6.259485974057499,0.0,0.06633728056476407,-0.056435107758912424,2.3325623392383403,-0.0005728403490381441,-0.07793400005871065,0.0,469.8271954168858,469.01172494556613,470.0535911587079,470.6043954872472
0.9600000000000005,0.01674982898577846,-0.01372671724435205,1.0677776900959766,6.269345564408367,6.255363391884607,0.0,0.08640534000642693,-0.06764584076252105,2.540853614970982,0.012389433927654417,-0.05474886754429614,0.0,474.62134314313266,476.39394336269,474.2693311075466,475.2637690691162
1.0200000000000005,0.02247110127033478,-0.018044084359280083,1.2214516577896686,6.269617741237003,6.2520952240844885,0.0,0.10460647279300829,-0.07620975929313016,2.581511379616009,-0.019812006782424237,-0.05391664622932028,0.0,424.5271578232929,424.59642899452376,425.1020113117536,422.33369602116215
1.0800000000000005,0.02946003455060296,-0.022926465918691467,1.381162664946193,6.267947776976126,6.248450777131669,0.0,0.1287211778340191,-0.08667930428321945,2.741801985256707,-0.0531096307428197,-0.08008942864424963,0.0,463.07081730283176,461.0046891916499,463.285031541104,460.65917946817143
1.1400000000000006,0.037954912772439814,-0.028470189627028134,1.5496842359049896,6.2649061167873406,6.244228300760344,0.0,0.1549070311167894,-0.09843854349945737,2.875231688193352,-0.04625673869622775,-0.05585004543367242,0.0,453.6718185134627,455.6099911703669,454.3909870466838,454.938437833207
1.2000000000000006,0.0482457289155595,-0.03485043843571399,1.7297485406420718,6.262045063902551,6.241899031951251,0.0,0.1884315626575955,-0.11457393918428205,3.1262356193858443,-0.050702940423682424,-0.017211676706073473,0.0,488.9518173897098,491.82097041203957,489.9813679297973,489.6495629587121
1.2600000000000007,0.06034845925562658,-0.04214174582369376,1.9188623959064726,6.25891361021921,6.240691063906624,0.0,0.21509166355711545,-0.12875877833337315,3.177403272075059,-0.055345234084155544,-0.026729358309976033,0.0,431.020768758787,430.21562961599864,431.41094134040503,431.01690977739383
1.3200000000000007,0.07415649316229785,-0.050392097178867355,2.112925401872319,6.255433003340626,6.238912540643264,0.0,0.24533661490612982,-0.1465976723233861,3.291021122338052,-0.06395519822320966,-0.036216386499740016,0.0,451.42847307374984,450.6620043147035,451.37761499192334,450.6799226818284
1.3800000000000008,0.08978859782525599,-0.059767516997447964,2.3131295229715896,6.252543017981349,6.236791997560255,0.0,0.2759366975888924,-0.16623595209411096,3.382158310592796,-0.027607465308020336,-0.03364966197823215,0.0,444.8559210646145,445.0655101504549,443.05822547473315,446.03486111974127
1.4400000000000008,0.10732014781374392,-0.07038725032112747,2.519245726478744,6.250739188954441,6.2343483202615,0.0,0.3086551393722777,-0.1879224845636379,3.488040803250368,-0.035493895046685126,-0.061208187536506,0.0,451.4822251867394,449.25210603657956,449.8989962841533,449.259694760101
1.5000000000000009,0.12683978826701361,-0.08232626064183216,2.731061722041286,6.248407295859797,6.230722890241122,0.0,0.34234897459612285,-0.21025665461113272,3.572197817490419,-0.046640313491718245,-0.058900202041724956,0.0,444.10307851389854,444.28976239432626,444.085835482264,443.1697690631419
1.560000000000001,0.14858768417480273,-0.09574375518365469,2.950446760749028,6.2457580926687015,6.22669917099093,0.0,0.3829631501119015,-0.23727802614528726,3.740056998356341,-0.03959461269710303,-0.09314733369006548,0.0,469.7068518236632,467.0396583340265,471.6510748061302,472.1939458771505
1.620000000000001,0.17266738496903355,-0.11070553589882849,3.1763344233366615,6.2438405686249325,6.220780036571156,0.0,0.4202234356397808,-0.26164044069211473,3.7893160796016563,-0.019916528982657333,-0.11290439557351477,0.0,436.0327540649622,434.3701268438243,433.34642326817976,434.99702847373885
1.680000000000001,0.19911423490941305,-0.12717078781317023,3.405390507678171,6.2423750723091604,6.213701886433226,0.0,0.46198385588733887,-0.2873174594730146,3.845633729600384,-0.035451534163128684,-0.13073731911860093,0.0,437.58061198566423,436.08044471600954,438.6746037575385,437.3824813979489
1.740000000000001,0.2281538394476433,-0.14517749174986472,3.637071271256639,6.240070829046244,6.206437380719725,0.0,0.5066827174312112,-0.31310229888656527,3.876874110693875,-0.0450800356293448,-0.10661559842112309,0.0,428.02487181123087,430.0587531178699,431.1472579334918,430.332140366491
1.8000000000000012,0.260062162313997,-0.16480740022860466,3.8713373255986605,6.237063092791267,6.199522647560951,0.0,0.5575333509935121,-0.34148712686982435,3.9317215977725044,-0.06285551059393772,-0.14434126389399957,0.0,438.981426836674,435.8262648728957,439.1805970864331,437.701935008037
1.8600000000000012,0.2951549212811079,-0.18619726616230292,4.108790764543779,6.233679812458149,6.1914361916565355,0.0,0.6129959293992328,-0.37183307690520045,3.9831004026389047,-0.045863731653467604,-0.12042482769697346,0.0,436.4111542640019,438.3855153100065,436.76004430077955,438.172691401472
1.9200000000000013,0.3337789002593924,-0.2094976987566094,4.349878974421694,6.2308590920549065,6.184501956138579,0.0,0.6751309677706491,-0.4051035684200234,4.0528149147127595,-0.049412747904716156,-0.10730481572593023,0.0,443.16943827305187,444.23455561386754,444.244667028255,443.9522109245245
1.9800000000000013,0.37642375453457144,-0.2349345112176511,4.596722297192803,6.227829882444729,6.17751080816582,0.0,0.7470034706433312,-0.44307767466846254,4.1747287582847,-0.05272566386946634,-0.1503857361915392,0.0,461.8851876795973,458.46172407639,461.72570973989554,461.46273863274865
2.0400000000000014,0.4236285853924016,-0.26276034245884994,4.85167718471241,6.224401399844961,6.168219614144974,0.0,0.8274210485983587,-0.4847690985426209,4.3230336146197725,-0.0678831616114582,-0.16573951255585742,0.0,470.1868112440612,468.97420881078455,471.1620001170623,469.98645631077807
2.1000000000000014,0.476006723711833,-0.293236307307061,5.116687247634905,6.220651174001681,6.157952815845006,0.0,0.9195791603784044,-0.5314896246289487,4.509682025226838,-0.05347852909586023,-0.1849028076187936,0.0,483.2583962961162,481.78567571727535,482.8114694950359,483.8945798544913
2.1600000000000015,0.5337676971831713,-0.3264048745703351,5.389817715947609,6.218041378729861,6.146899589037654,0.0,1.0068363387687929,-0.5743814967832889,4.594094810966224,-0.028667635408752237,-0.18289151313336188,0.0,453.1973596735585,453.326844760761,453.8778693003968,455.86380327747594
2.2200000000000015,0.5967494256287538,-0.36208204907807484,5.666279277819843,6.2162658406390285,6.1357394623597195,0.0,1.0935342705595275,-0.6149987416788523,4.620950559572737,-0.031508566385663725,-0.1930772234064285,0.0,437.54182398948745,436.65853429948197,437.0215936588098,436.7844155448655
2.2800000000000016,0.66538332799419,-0.40033610307567374,5.945927288830473,6.214810552466199,6.124175857826373,0.0,1.1953405585550836,-0.6602628112817241,4.700044091618649,-0.01269765713860099,-0.19203594331258825,0.0,454.2807989354974,454.32897545132204,453.7151132593582,455.22291258568407
2.3400000000000016,0.7401421586026891,-0.4412395836644053,6.228967926413643,6.21415695978521,6.1126433158286275,0.0,1.2976394327338574,-0.7032279905393468,4.734219499419375,-0.007508712141751033,-0.19255691186710266,0.0,442.09491951234247,442.0157642999895,440.59077304025766,441.01975077274045
2.4000000000000017,0.821441365143644,-0.4848054990863773,6.515101523845274,6.213748476919914,6.101710575766095,0.0,1.4133453117765433,-0.7489753930357879,4.80296335265302,-0.005442257303360435,-0.16699474949492032,0.0,452.9020554828806,454.9216102039817,452.72754120883894,452.8939101186008
2.4600000000000017,0.9094360506043726,-0.5309517025834066,6.802868537196673,6.21355464774304,6.091982255789855,0.0,1.5206288880353325,-0.7892450661608548,4.789053071964253,0.0008621062238525802,-0.15387318847451972,0.0,427.3078272359885,428.3988278836729,427.63157559674136,428.16840581418825
2.520000000000002,1.0046245258424154,-0.5797271420642054,7.092801819839393,6.2133840108425105,6.082771367026638,0.0,1.6531270664025521,-0.8365669939292051,4.874697276564887,-0.011537948424269449,-0.15280841329971312,0.0,460.71382765595325,460.7766922559197,460.5721109943996,459.5902636087701
2.580000000000002,1.1078862573967019,-0.6313256462187616,7.387545682870409,6.213453825370342,6.073730552116762,0.0,1.7897081524336755,-0.8833675577664737,4.9494276706226445,0.018864872469903822,-0.14673623796776214,0.0,457.8500092631336,458.31228475910865,457.66679377669374,460.08061480358657
2.640000000000002,1.2187578866108315,-0.6854779291897434,7.6831979498907295,6.214569038034654,6.064552890265391,0.0,1.9067241291213173,-0.9216207596375389,4.905546359581395,0.01802505286028167,-0.16983836080406994,0.0,421.85114105949776,419.8270818418811,421.5966147092857,421.52399758831325
2.700000000000002,1.3378072845370128,-0.7422135450565035,7.980668046432961,6.21628186453578,6.054484648170774,0.0,2.062457793305861,-0.9693683630184026,5.009246381143112,0.04397648166186818,-0.16402266538734556,0.0,469.96391427251604,470.38926296838815,467.1889376796291,469.2084641753655
2.760000000000002,1.465978505010475,-0.801652336051581,8.282506822153309,6.218569561759059,6.044314624036325,0.0,2.2107300005872945,-1.0116645021317234,5.051455977203767,0.022642341304699838,-0.18364625747277633,0.0,452.12239636448896,450.5108286039345,453.0704642310144,451.35230419204686
2.820000000000002,1.6030523139576742,-0.8635412814217934,8.586084111603672,6.220018876207384,6.033441360755825,0.0,2.3592762439086794,-1.051153352541425,5.067266752211715,0.02702092036281956,-0.17677148914959304,0.0,444.3065486660558,444.8381397185454,444.41590779812987,444.7747910636913
2.880000000000002,1.7500296965046296,-0.927967668288305,8.893674477048355,6.221146429199926,6.022317341065179,0.0,2.540850251462716,-1.0961833564516572,5.184659124166275,-0.0077225001514940415,-0.2144464070861593,0.0,479.49703362516226,476.5935716350087,478.57887559670087,475.9266144642479
2.940000000000002,1.9072773506389025,-0.9948802722360955,9.205051932788875,6.220308928144711,6.009195172853749,0.0,2.7017663963601546,-1.1342617447695962,5.193953472748513,-0.030909796486470797,-0.22895071497345318,0.0,447.66446966231837,446.4351089406597,445.90659560598266,444.00804925799446
3.000000000000002,2.074175632571941,-1.0640414602599384,9.516092647680424,6.21949298833016,5.995153690720439,0.0,2.8625807800294556,-1.1711891583996523,5.17352646176359,0.008245028393533365,-0.24680542563538616,0.0,439.24385627648303,437.70441522652357,435.1967376323831,438.46240573411586
3.0600000000000023,2.2506196810980885,-1.1353523228840103,9.82471024656242,6.219914436862746,5.980022663775088,0.0,3.0200075470307297,-1.2057934027123958,5.1133489239342955,0.004463106531630963,-0.2659750886177733,0.0,426.7177849646356,425.0102835602988,425.1483953908202,424.82406074990746
3.1200000000000023,2.4373150846433815,-1.2088458183933104,10.131447587357199,6.219971076546273,5.963913779000599,0.0,3.2044039797852384,-1.2439379630293181,5.1104278463514685,-0.007235251166184591,-0.2740212040835408,0.0,446.7526119114964,446.023394365368,445.60489684513914,444.64736700263677
3.1800000000000024,2.6347904813733347,-1.284520399875368,10.436247887814176,6.219317367069397,5.947178031543489,0.0,3.379319111215561,-1.2785690809365529,5.049046662612257,-0.019460331030112785,-0.2911674082228911,0.0,428.4573099098679,426.913990015973,428.43935410495595,427.3985711987923
3.2400000000000024,2.843414695180619,-1.3623540417841948,10.738396802369678,6.21830518427921,5.929644252224357,0.0,3.576106135398107,-1.3159349184501723,5.021739676299894,-0.01213583297074741,-0.29443779233546397,0.0,440.5091561738583,440.15088055872036,441.04740842097203,441.6521348236195
3.3000000000000025,3.0650379081564925,-1.442599648412779,11.041231704332592,6.217449869672432,5.912129033451624,0.0,3.8126415366831483,-1.358916244183166,5.071354973524734,-0.018872064165993234,-0.2873195160336052,0.0,468.07194157643846,468.54382010039654,468.3255650192678,467.8013400161062
3.3600000000000025,3.3002553090712525,-1.525282283958963,11.344583580265036,6.216489778626592,5.895035546540022,0.0,4.029124955717271,-1.3972095308628798,5.039425775989894,-0.010803246818405634,-0.2804408530408471,0.0,444.78734809345093,445.26823474618465,443.2456016392123,443.90844921454897
3.4200000000000026,3.548647541744799,-1.610258524698834,11.645707756170838,6.216693379390609,5.877806853647993,0.0,4.251748020817395,-1.4352971305634021,4.997111611652104,0.02252890013935175,-0.3059210803494135,0.0,444.3067194054058,442.12702446413806,441.29819601869184,444.04167690667765
3.4800000000000026,3.8103894303657984,-1.6974652374433208,11.943537802347223,6.218107436762089,5.85922949725081,0.0,4.474187970181465,-1.4714482966104365,4.929664351663603,0.025567868948773227,-0.31827557085866043,0.0,436.5278082169632,435.3950920924953,436.85052299725606,437.10398083294086
3.5400000000000027,4.087786927988974,-1.7871038066918912,12.241657896783805,6.219922420379923,5.840514965748371,0.0,4.773618432251313,-1.5162310695413643,5.005680861172385,0.03826793978851022,-0.30153958872581377,0.0,485.5336647722001,486.6973189431377,486.7827562125576,487.7325895905234
3.6000000000000028,4.380427131663809,-1.8789812952405804,12.537762320893986,6.222138610724592,5.822536648149551,0.0,4.98214713910896,-1.5461945629437526,4.86395999104621,0.03413173026591221,-0.2960932801086908,0.0,415.97279137600214,416.3514770071142,415.8850926074332,415.52328111239484
3.660000000000003,4.688885709691307,-1.9729997817646472,12.831426176110218,6.2248181082077245,5.805722243408354,0.0,5.300717281223808,-1.5874282380259452,4.92286230833347,0.06009088693798232,-0.25965651155199704,0.0,486.2446722637319,488.89347188538864,485.7844577632205,487.72842760965983
3.720000000000003,5.015333751908399,-2.0692750524105343,13.125759788583284,6.228192244561406,5.790011009784946,0.0,5.581650514744143,-1.6214142568193615,4.8869719288516045,0.047128269372278785,-0.26664522863206236,0.0,460.2284611388017,459.6082112944279,459.9639507365036,458.9379778166944
3.780000000000003,5.358355950682166,-2.1674826585674913,13.416873072116449,6.231388010380073,5.773579102301298,0.0,5.853199126965121,-1.6519049532957486,4.815664506082071,0.06333806321179014,-0.2949246297915847,0.0,451.593378829285,449.22962678779675,449.5782180367537,450.8918185443414
3.840000000000003,5.717976374214557,-2.2674737785457864,13.703722059669737,6.235163516661405,5.7556280604326915,0.0,6.134986401778956,-1.6808035774085002,4.7446514619745725,0.06208652432894604,-0.30943165854804605,0.0,454.4890956637803,453.23498079403106,452.8286414102184,452.7307112931055
3.900000000000003,6.094106272240428,-2.369087355748984,13.98507318125378,6.238839903898123,5.7373026705020305,0.0,6.403530270852724,-1.7060294816243466,4.632594053332468,0.05959535056297057,-0.29843351011274155,0.0,441.981407663901,442.791455296101,441.0276629673231,440.82450690027144
3.960000000000003,6.489747760500683,-2.472388673110131,14.264753727116426,6.242416697469009,5.719853702715877,0.0,6.785010987764191,-1.7369246442751543,4.687562243146123,0.05964893875594413,-0.27881989801199913,0.0,502.49276401941455,503.83734881363716,502.4204786717106,502.4264140939833
4.020000000000002,6.906465760809393,-2.5773397259314565,14.544244697888985,6.246156181328516,5.7033428428444815,0.0,7.106070190168243,-1.7611195400573496,4.627170462697044,0.06719898720685419,-0.26876204142421445,0.0,468.0692431511375,468.7791293309283,469.03253711603895,469.6212628780667
4.080000000000001,7.343358179756286,-2.6837206834595086,14.821030774739574,6.2497784226632085,5.687755589706084,0.0,7.457270138410166,-1.7845490859939304,4.597102123000309,0.041002788006287566,-0.24613774565977825,0.0,482.37527387992645,484.0186200935046,484.78106116630744,482.81020770838813
4.14,7.797421195475594,-2.7912532287308007,15.089847248995715,6.251840952579627,5.673060114677742,0.0,7.678769327172386,-1.7997622577597738,4.363229628729243,0.015853651761359493,-0.24260707813385624,0.0,410.15602454768015,410.40408754752445,411.7948466223171,409.5638476918002
4.199999999999998,8.266897799558029,-2.8997711295384327,15.347435808801725,6.252737445171604,5.658503624549665,0.0,7.970722400309484,-1.8174239587936223,4.2219837227778765,0.01305198847330346,-0.24261034565967032,0.0,448.85085497636044,448.7923734291527,448.0010233654725,447.77297936528504
4.259999999999997,8.756634376778658,-3.009445922263068,15.600043898945241,6.254081428173382,5.644349985864606,0.0,8.353646583107073,-1.8382635572372377,4.1961497800524095,0.036508697528469455,-0.22505349440603803,0.0,492.59191524477234,493.839125322822,493.446148616135,495.17521492549946
4.319999999999996,9.265934409654484,-3.1202068437609336,15.846173782115741,6.256326223096455,5.63116106169136,0.0,8.623228629257163,-1.8536369014573366,4.0074925128482795,0.03916320435821795,-0.2110021197253756,0.0,437.8132696148145,438.93247926791923,436.34618408298377,436.5684964840026
4.379999999999995,9.795888383218204,-3.2320165950237474,16.0866394109321,6.258551283725357,5.618283628032728,0.0,9.04128406644832,-1.8731139738219074,4.0056571764570155,0.03256479147578053,-0.22306556685162604,0.0,508.4569235324012,507.55232387658924,510.9668765972073,510.4965580390998
4.439999999999993,10.345841986762428,-3.3447964438009947,16.320222964452938,6.260355231698075,5.604917865471709,0.0,9.290716760652444,-1.8861202977446907,3.779995735278015,0.02453089094738029,-0.2221648931502569,0.0,430.39333019944684,430.41862786488014,429.48101257891346,428.79910886385414
4.499999999999992,10.909220434454527,-3.458295286834567,16.538220728165985,6.2613519403975975,5.591097171280733,0.0,9.489001885979004,-1.8971352693138333,3.4867039959351755,-0.008097194926157155,-0.25646131255597343,0.0,403.38075286983127,400.2092179785429,402.840780728918,399.87817138786477
4.559999999999991,11.485032238911348,-3.5724643288573326,16.739164561912425,6.2608185622761,5.575475169578006,0.0,9.705082528353973,-1.9085285572082693,3.2111516565040765,-0.010523591187530516,-0.26959538117811854,0.0,411.1786891527509,409.93820238663125,408.80811475533005,408.5918733121169
4.6199999999999894,12.077679289650831,-3.6874224720969875,16.927928014663774,6.2600597200168195,5.559208364410836,0.0,10.04950910271404,-1.9234271457628438,3.0791625738286434,-0.017274661122829937,-0.27432888060754274,0.0,471.969356604618,471.53411976728967,471.2338404963594,470.7116271939478
4.679999999999988,12.691326344665688,-3.803290329628763,17.108858812763838,6.258778768195562,5.543124947280685,0.0,10.404934954870274,-1.9388780313629894,2.949923423445828,-0.03108727460301181,-0.2578118759204631,0.0,476.86818135656785,478.0612914437339,477.69226295418974,476.63743143576863
4.739999999999987,13.327526371598061,-3.920133499242623,17.28309698428568,6.256566080654263,5.527561299534195,0.0,10.800903762727986,-1.955992173818601,2.8556686278272903,-0.05215533176969116,-0.26275495295091633,0.0,495.63882147851257,495.21511132755813,497.68355128721976,496.1380091769396
4.799999999999986,13.986371826243104,-4.0380018996557006,17.450213050612447,6.253571955975371,5.511338941293321,0.0,11.15990423922406,-1.973110202738584,2.7128561034108896,-0.04574002371325216,-0.2933720280085694,0.0,484.1686398519938,481.7897112613282,483.0535473265389,483.53591829886267
4.859999999999984,14.663406729458167,-4.156827642976799,17.605068557262022,6.250594554689911,5.493882100752478,0.0,11.407857674538093,-1.9878678315219127,2.448070041690782,-0.058810585178991494,-0.2865026839243463,0.0,436.8308652184613,437.31599418425157,436.5707557763286,435.4766473870137
4.919999999999983,15.35672342465282,-4.276612041410811,17.745255286162074,6.24721758159788,5.476856988998655,0.0,11.702251817647948,-2.0050960529626334,2.223398579880147,-0.05165599966179705,-0.2787621147921564,0.0,456.7326604402508,457.270618153896,457.6406029481277,458.20791864373825
4.979999999999982,16.067105746754038,-4.397441347304495,17.871201276076462,6.244121405733061,5.460465295253158,0.0,11.976738814615349,-2.0226757447990362,1.9736442682389783,-0.0514970435599947,-0.2639195642931654,0.0,449.800323452837,450.9266736725142,450.2811162725937,450.29231153623425
5.0399999999999805,16.792910855966998,-4.519316405194767,17.98105463915742,6.240624079352752,5.444976980031917,0.0,12.216476604260459,-2.0399601823969937,1.6874190318427311,-0.07749847847387914,-0.24856423061882768,0.0,435.9893025646707,437.2023807902276,437.73672858303576,435.5638515554726
